caohejing,wujiaochang,shanghaizhoubian